[[1.16049519e+03 0.00000000e+00 9.00259463e+02]
 [0.00000000e+00 1.15898453e+03 5.48180049e+02]
 [0.00000000e+00 0.00000000e+00 1.00000000e+00]]
high
(470, 900) -100 -400
[[1.16049519e+03 0.00000000e+00 5.00259463e+02]
 [0.00000000e+00 1.15898453e+03 4.48180049e+02]
 [0.00000000e+00 0.00000000e+00 1.00000000e+00]]
middle
(502, 1275)
[[8.70371392e+02 0.00000000e+00 6.75194597e+02]
 [0.00000000e+00 8.69238394e+02 4.11135037e+02]
 [0.00000000e+00 0.00000000e+00 7.50000000e-01]]
small
(168, 425)
[[2.90123797e+02 0.00000000e+00 2.25064866e+02]
 [0.00000000e+00 2.89746131e+02 1.37045012e+02]
 [0.00000000e+00 0.00000000e+00 2.50000000e-01]]
